1,First Tournet,15,1|2|3,6,1^2|3
2,Second Tourney,15,1|2|3,7|8,4^5|6
3,Final,0,1|3,,7
4,test1,0,1|2|3,,8^9|10
